19.247721	-99.578427
19.990211	-99.844421
20.089264	-99.851381
19.02585	-98.773874
19.302792	-98.950523
19.407584	-98.899032
19.443677	-98.942557
19.443601	-98.973693
19.621267	-99.100901
18.870681	-99.749253
19.684751	-99.162598
19.626836	-99.219321
19.308828	-100.142835
19.598011	-99.055188
19.506274	-99.034707
19.359750	-99.352297
19.323284	-98.877683
19.296123	-98.831952
18.850453	-99.665639
19.584979	-99.881376
19.972497	-99.599685
19.576150	-99.706413
19.771872	-99.954117
19.375717	-98.949641
19.360063	-99.491579
18.915581	-99.476661
19.270501	-99.602384
19.234892	-99.576207
19.489178	-99.053485
19.420923	-99.012219
19.602335	-99.275711
19.612333	-99.345170
19.634278	-99.298672
19.728793	-99.955394
19.656584	-100.142648
18.861223	-99.975673
19.724003	-98.972128
18.860709	-100.124172
18.886961	-100.142027
19.044032	-100.048804
18.967404	-99.614678
19.117024	-99.586594
19.719720	-99.203275
19.887876	-99.141988
19.480480	-98.834618
19.604757	-98.938461
19.270470	-99.712162
19.664046	-99.107438
19.673405	-99.087057
19.193102	-100.133410
19.302794	-98.950502
19.264337	-98.930600
19.374280	-100.147601
19.709210	-99.488403
19.417108	-99.972773
19.391884	-99.536504
19.073721	-100.253258
19.344902	-99.755616
19.267881	-99.757280
19.445867	-99.662557
19.617224	-98.984211
	
